9 32
2 5 2 1 1 1 2
1 13 3 1 3 2 3 2 2
3 672 4 1 4 2 4 3 4 3 5
2 4 2 1 5 1 6
3 56 3 1 7 1 8 2 8
3 35 3 1 9 2 9 3 9
1 26 4 2 1 3 1 4 1 5 1
0 1 1 2 5
3 192 3 2 6 3 6 4 6
3 18 2 2 7 3 7
5 5 2 3 2 4 2
3 96 3 3 3 4 3 5 3
3 108 3 3 8 4 8 4 9
3 63 3 4 4 4 5 5 5
1 9 3 4 7 5 7 5 6
3 48 3 5 2 6 2 6 1
1 15 3 5 4 6 4 7 4
1 16 4 5 8 6 8 7 8 8 8
1 11 3 5 9 6 9 7 9
3 108 4 6 3 7 3 7 2 8 2
0 8 1 6 5
3 112 3 6 6 7 6 7 7
0 3 1 6 7
1 10 3 7 1 8 1 9 1
3 30 2 7 5 8 5
3 70 3 8 3 9 3 9 4
0 4 1 8 4
3 270 3 8 6 8 7 9 7
0 8 1 8 9
0 7 1 9 2
5 1 2 9 5 9 6
1 17 2 9 8 9 9
