9 33
3 144 3 1 1 2 1 2 2
2 5 2 1 2 1 3
0 6 1 1 4
3 100 3 1 5 2 5 2 6
2 5 2 1 6 1 7
6 1 1 1 8
1 12 2 1 9 2 9
3 42 4 2 3 3 3 3 4 2 4
1 13 2 2 7 3 7
3 24 3 2 8 3 8 4 8
1 13 2 3 1 3 2
3 54 3 3 5 4 5 4 6
0 8 1 3 6
1 21 3 3 9 4 9 5 9
1 22 4 4 1 4 2 4 3 5 3
3 720 4 4 4 5 4 6 4 7 4
0 1 1 4 7
4 3 2 5 1 6 1
3 30 3 5 2 6 2 7 2
3 1296 4 5 5 6 5 7 5 7 6
1 9 2 5 6 6 6
3 216 3 5 7 5 8 6 8
1 12 3 6 3 7 3 8 3
1 14 3 6 7 7 7 7 8
1 7 3 6 9 7 9 8 9
3 63 2 7 1 8 1
1 14 3 8 2 9 2 9 1
0 3 1 8 4
0 7 1 8 5
1 10 3 8 6 9 6 9 7
1 26 4 8 7 8 8 9 8 9 9
0 9 1 9 3
2 3 2 9 4 9 5
